%% CHU-KOR.sdm
CHU
KOR

ɛ́ l ɛ ɛ l 
a l á a l 

%          #     a     l    á     a     l
% #     0.00  6.60 17.26 23.85 30.45 41.11
% ɛ́    6.06  2.30 12.96 19.56 26.15 36.81
% l    16.72 12.96  2.30  8.90 15.49 26.15
% ɛ    22.77 19.02  8.36  4.60 11.20 21.86
% ɛ    28.83 25.07 14.41 10.66  6.90 17.56
% l    39.49 35.73 25.07 21.32 17.56  6.90


ʔ ɛ́ l ░ ʔ ɛ l 
h e l e h e l 

%          #     h     e     l     e     h     e     l
% #     0.00  4.62 11.22 21.88 28.48 33.11 39.71 50.37
% ʔ     2.22  1.35  7.95 18.61 25.21 29.84 36.44 47.10
% ɛ́    8.28  7.41  3.66 14.32 20.92 25.54 32.14 42.80
% l    18.94 18.07 14.32  3.66 10.26 14.88 21.48 32.14
% ʔ    21.16 20.29 16.54  5.88 10.72 11.61 18.21 28.87
% ɛ    27.21 26.34 22.59 11.93  8.18 12.81 13.92 24.58
% l    37.87 37.00 33.25 22.59 18.84 19.69 21.64 13.92


░ ɛ c ɛ́ 
h á c a 

%          #     h    á     c     a
% #     0.00  4.62 11.22 18.10 24.70
% ɛ     6.06  6.25  6.92 13.81 20.40
% c    12.94 12.07 13.81  6.92 13.52
% ɛ́   18.99 18.12 14.37 12.98  9.23


á l ə m ə ŋ 
á l ░ m ə ŋ 

%          #    á     l     m     ə     ŋ
% #     0.00  6.60 17.26 25.08 30.63 40.33
% á    6.60  0.00 10.66 18.49 24.04 33.74
% l    17.26 10.66  0.00  7.83 13.38 23.08
% ə    22.80 16.21  5.55  4.95  7.83 17.53
% m    30.63 24.04 13.38  5.55  9.89 10.76
% ə    36.18 29.58 18.92 11.10  5.55 15.25
% ŋ    45.88 39.28 28.62 20.80 15.25  5.55


ɛ́ t l ə 
è l l e 

%          #    è     l     l     e
% #     0.00  6.60 17.26 27.92 34.52
% ɛ́    6.06  2.31 12.97 23.63 30.23
% t    13.17  9.42  7.32 17.98 24.58
% l    23.83 20.08  9.42  7.32 13.92
% ə    29.38 25.63 14.97 12.87 10.13


ɛ l ɛ́ ɣ t i 
e l e j t i 

%          #     e     l     e     j     t     i
% #     0.00  6.60 17.26 23.86 33.42 40.53 48.09
% ɛ     6.06  2.31 12.97 19.57 29.12 36.24 43.79
% l    16.72 12.97  2.31  8.91 18.46 25.58 33.13
% ɛ́   22.77 19.02  8.36  4.61 14.17 21.28 28.84
% ɣ    31.95 28.20 17.54 13.79 14.41 21.52 29.08
% t    39.06 35.32 24.66 20.91 21.52 14.41 21.96
% i    46.62 41.78 32.21 27.37 24.67 21.96 14.41


ʔ a l ɣ á t t ə | ʔ a l ɣ á t t ə 
h á ░ h a l ░ ░ | h á ░ h a ░ l ░ 

%          #     h    á     h     a     l
% #     0.00  4.62 11.22 15.84 22.44 33.10
% ʔ     2.22  1.35  7.95 12.57 19.17 29.83
% a     8.82  7.95  3.11  7.74 12.57 23.23
% l    19.48 18.61 13.77 14.62 16.56 12.57
% ɣ    28.66 21.65 22.96 15.95 22.54 21.75
% á   35.25 28.25 21.65 22.54 17.71 28.35
% t    42.37 35.36 28.76 27.90 24.82 22.72
% t    49.48 42.47 35.88 35.01 31.94 29.84
% ə    55.03 48.02 41.42 40.56 37.48 35.39


ʔ a l a j p ə 
h e l e j ░ e 

%          #     h     e     l     e     j     e
% #     0.00  4.62 11.22 21.88 28.48 38.04 44.64
% ʔ     2.22  1.35  7.95 18.61 25.21 34.77 41.37
% a     8.82  7.95  4.20 14.86 21.46 31.02 37.62
% l    19.48 18.61 14.86  4.20 10.80 20.36 26.96
% a    26.07 25.20 21.45 10.79  7.04 16.60 23.20
% j    35.63 34.76 29.92 20.35 15.51  7.04 13.64
% p    40.43 39.56 34.72 25.15 20.31 11.85 16.69
% ə    45.98 45.11 40.27 30.70 25.86 17.39 14.66


ʔ ɛ l ɛ́ ░ w ░ ░ | ʔ ɛ l ɛ́ w ░ ░ ░ 
h e l í l ŋ ə n | h e l í l ŋ ə n 

%          #     h     e     l    í     l     ŋ     ə     n
% #     0.00  4.62 11.22 21.88 29.44 40.10 49.80 55.35 66.68
% ʔ     2.22  1.35  7.95 18.61 26.17 36.83 46.53 52.08 63.41
% ɛ     8.28  7.41  3.66 14.32 21.88 32.54 42.24 47.78 59.12
% l    18.94 18.07 14.32  3.66 11.22 21.88 31.58 37.12 47.78
% ɛ́   24.99 24.12 20.37  9.71  6.92 17.58 27.28 32.83 44.16
% w    35.95 35.08 31.25 20.67 15.89 20.11 23.29 28.84 40.18


r ɛ l ú 
j e l u 

%          #     j     e     l     u
% #     0.00  9.56 16.16 26.82 34.69
% r    12.66  7.12 13.72 18.29 26.16
% ɛ    18.72 13.18  9.43 20.09 22.88
% l    29.38 23.84 20.09  9.43 17.30
% ú   37.25 31.71 27.88 17.30 10.43


ʔ ɛ l ú c i 
h e ĺ u c i 

%          #     h     e    ĺ     u     c     i
% #     0.00  4.62 11.22 21.88 29.75 36.63 44.19
% ʔ     2.22  1.35  7.95 18.61 26.48 33.36 40.92
% ɛ     8.28  7.41  3.66 14.32 22.19 29.07 36.63
% l    18.94 18.07 14.32  3.79 11.66 18.54 26.10
% ú   26.81 25.94 22.11 11.66  4.79 11.68 19.23
% c    33.69 32.82 29.00 18.54 11.68  4.79 12.35
% i    41.24 40.38 35.54 26.10 19.23 12.35  4.79


ɣ ə r ɣ ə n 
ɣ ə j ŋ ə n 

%          #     ɣ     ə     j     ŋ     ə     n
% #     0.00  9.18 14.73 24.29 33.99 39.53 50.87
% ɣ     9.18  0.00  5.55 15.10 24.80 30.35 41.69
% ə    14.73  5.55  0.00  9.56 19.26 24.80 36.14
% r    27.39 18.21 12.66  7.12 16.82 22.37 27.61
% ɣ    36.57 27.39 21.84 16.30 13.11 18.66 29.99
% ə    42.12 32.94 27.39 21.85 18.66 13.11 24.44
% n    53.45 44.27 38.73 33.19 28.29 24.44 13.11


e l u t e l ʔ ə n 
a l u t a l h ə n 

%          #     a     l     u     t     a     l     h     ə     n
% #     0.00  6.60 17.26 25.13 32.24 38.83 49.49 54.12 59.67 71.00
% e     6.60  2.85 13.51 21.30 28.41 35.01 45.67 50.29 55.84 67.18
% l    17.26 13.51  2.85 10.72 17.83 24.42 35.01 39.63 45.18 55.84
% u    25.13 21.38 10.72  2.85  9.96 16.55 27.21 31.84 37.39 48.72
% t    32.24 28.49 17.83  9.96  2.85  9.44 20.10 24.73 30.27 41.61
% e    38.84 35.09 24.43 16.56  9.45  5.69 16.35 20.98 26.52 37.86
% l    49.50 45.75 35.09 27.22 20.11 16.35  5.69 10.32 15.86 26.52
% ʔ    51.72 47.97 37.31 29.44 22.33 18.57  7.91  7.04 12.59 23.93
% ə    57.27 53.52 42.86 34.99 27.87 24.12 13.46 12.59  7.04 18.38
% n    68.61 64.85 53.52 46.32 39.21 35.46 24.12 23.93 18.38  7.04


ɛ l w ░ ɛ́ ɛ k 
e l u ŋ e ░ ░ 

%          #     e     l     u     ŋ     e
% #     0.00  6.60 17.26 25.13 34.83 41.43
% ɛ     6.06  2.31 12.97 20.84 30.54 37.13
% l    16.72 12.97  2.31 10.18 19.88 26.47
% w    27.67 23.85 13.26  7.15 15.89 22.49
% ɛ́   33.73 29.90 19.32 13.21 14.48 18.19
% ɛ    39.78 35.96 25.37 19.26 20.53 16.78
% k    45.26 41.43 30.85 24.74 24.95 22.26


ɛ t l ɛ́ ɣ 
a ĺ ĺ a w 

%          #     a    ĺ    ĺ     a     w
% #     0.00  6.60 17.26 27.92 34.51 45.47
% ɛ     6.06  2.30 12.96 23.62 30.22 41.17
% t    13.17  9.41  7.32 17.98 24.57 35.53
% l    23.83 20.07  9.55  7.45 14.05 25.00
% ɛ́   29.88 26.13 15.60 13.51  9.75 20.71
% ɣ    39.06 35.31 24.79 22.69 18.93 16.35


ʔ ɛ́ c ɣ i 
░ e c ɣ i 

%          #     e     c     ɣ     i
% #     0.00  6.60 13.48 22.66 30.22
% ʔ     2.22  7.06 12.35 19.39 26.95
% ɛ́     8.28  4.53 11.41 20.56 22.65
% c    15.16 11.41  4.53 13.71 21.26
% ɣ    24.34 20.59 13.71  4.53 12.08
% i    31.90 27.06 21.26 12.08  4.53


a l ʔ e q a t 
a l h i q a t 

%          #     a     l     h     i     q     a     t
% #     0.00  6.60 17.26 21.88 29.44 34.50 41.09 48.21
% a     6.60  0.00 10.66 15.28 22.84 27.90 34.50 41.61
% l    17.26 10.66  0.00  4.62 12.18 17.24 23.84 30.95
% ʔ    19.48 12.88  2.22  1.35  8.91 13.97 20.57 27.68
% e    26.08 19.48  8.82  7.95  4.07  9.13 15.73 22.84
% q    31.14 24.54 13.88 13.01  9.13  4.07 10.67 17.78
% a    37.73 31.14 20.48 19.61 15.73 10.67  4.07 11.18
% t    44.85 38.25 27.59 26.72 22.84 17.78 11.18  4.07


ɛ́ c ʔ ə n 
a c h ə n 

%          #     a     c     h     ə     n
% #     0.00  6.60 13.48 18.10 23.65 34.98
% ɛ́    6.06  2.30  9.18 13.81 19.35 30.69
% c    12.94  9.18  2.30  6.92 12.47 23.81
% ʔ    15.16 11.40  4.52  3.65  9.20 20.54
% ə    20.70 16.95 10.07  9.20  3.65 14.99
% n    32.04 28.29 21.41 20.54 14.99  3.65


░ a l p ə́ n ŋ ə l ɣ ə n 
h a ĺ p í h a ░ ĺ ░ ░ ░ 

%          #     h     a    ĺ     p    í     h     a    ĺ
% #     0.00  4.62 11.22 21.88 26.68 34.24 38.86 45.46 56.12
% a     6.60  6.79  4.62 15.28 20.09 27.64 32.27 38.86 49.52
% l    17.26 17.45 15.28  4.76  9.56 17.12 21.74 28.34 39.00
% p    22.06 21.19 20.09  9.56  4.76 12.31 16.94 23.53 34.19
% ə́   27.61 26.74 24.00 15.11 10.31  8.53 13.15 19.75 30.41
% n    38.94 38.07 35.33 24.00 21.64 19.86 20.71 22.65 19.75
% ŋ    48.64 47.77 45.03 33.70 31.34 28.55 30.41 28.57 29.45
% ə    54.19 53.32 50.58 39.25 36.89 34.10 34.30 33.22 34.99
% l    64.85 63.98 61.24 49.91 47.55 44.76 44.96 43.12 33.35
% ɣ    74.03 67.02 70.42 59.09 56.73 53.94 46.94 52.31 42.53
% ə    79.58 72.57 69.83 64.64 62.28 59.49 52.48 49.74 48.08
% n    90.91 83.91 81.17 69.83 73.61 70.83 63.82 61.08 49.74


á l p ə n ŋ ə n 
a l p ə ń ŋ ə n 

%          #     a     l     p     ə    ń     ŋ     ə     n
% #     0.00  6.60 17.26 22.06 27.61 38.94 48.64 54.19 65.52
% á    6.60  1.76 12.42 17.22 22.77 34.11 43.81 49.35 60.69
% l    17.26 12.42  1.76  6.56 12.11 22.77 32.47 38.02 49.35
% p    22.06 17.22  6.56  1.76  7.31 18.64 28.34 33.89 45.23
% ə    27.61 22.77 12.11  7.31  1.76 13.10 22.80 28.34 39.68
% n    38.94 34.11 22.77 18.64 13.10  1.76 11.46 17.01 28.34
% ŋ    48.64 43.81 32.47 28.34 22.80 11.46  1.76  7.31 18.64
% ə    54.19 49.35 38.02 33.89 28.34 17.01  7.31  1.76 13.10
% n    65.52 60.69 49.35 45.23 39.68 28.34 18.64 13.10  1.76


ɛ́ l k ə l 
a l k ə́ l 

%          #     a     l     k    ə́     l
% #     0.00  6.60 17.26 22.73 28.28 38.94
% ɛ́    6.06  2.30 12.96 18.44 23.99 34.65
% l    16.72 12.96  2.30  7.78 13.33 23.99
% k    22.19 18.44  7.78  2.30  7.85 18.51
% ə    27.74 23.99 13.33  7.85  4.06 14.72
% l    38.40 34.65 23.99 18.51 14.72  4.06


ɛ́ l k ə 
é l k ə 

%          #    é     l     k     ə
% #     0.00  6.60 17.26 22.74 28.29
% ɛ́    6.06  2.31 12.97 18.44 23.99
% l    16.72 12.97  2.31  7.78 13.33
% k    22.19 18.44  7.78  2.31  7.85
% ə    27.74 23.99 13.33  7.85  2.31


á c ɣ ə t a 
a ń ŋ ə́ t a 

%          #     a    ń     ŋ    ə́     t     a
% #     0.00  6.60 17.93 27.63 33.18 40.29 46.89
% á    6.60  1.76 13.10 22.80 28.34 35.46 42.05
% c    13.48  8.64 10.61 20.31 25.86 32.60 39.19
% ɣ    22.66 17.82 19.79 16.60 22.15 29.26 35.86
% ə    28.21 23.37 25.34 22.15 18.36 25.47 32.07
% t    35.32 30.48 29.06 29.26 25.47 18.36 24.96
% a    41.91 35.32 35.66 35.86 32.07 24.96 18.36


a t c á t 
a c c á t 

%          #     a     c     c    á     t
% #     0.00  6.60 13.48 20.36 26.95 34.07
% a     6.60  0.00  6.88 13.76 20.36 27.47
% t    13.71  7.11  4.25 11.13 17.73 20.36
% c    20.59 13.99  7.11  4.25 10.85 17.96
% á   27.19 20.59 13.71 10.85  4.25 11.36
% t    34.30 27.70 20.82 17.96 11.36  4.25


a t c ʔ e ░ l á 
a c c ░ é q l a 

%          #     a     c     c    é     q     l     a
% #     0.00  6.60 13.48 20.36 26.96 32.02 42.68 49.27
% a     6.60  0.00  6.88 13.76 20.36 25.42 36.08 42.68
% t    13.71  7.11  4.25 11.13 17.73 22.79 30.44 37.03
% c    20.59 13.99  7.11  4.25 10.85 15.91 26.57 33.17
% ʔ    22.81 16.21  9.33  6.47 11.31 14.78 25.44 32.04
% e    29.41 22.81 15.93 13.07  8.23 13.29 23.61 28.29
% l    40.07 33.47 26.59 23.73 18.89 20.98 13.29 19.89
% á   46.67 40.07 33.19 30.33 25.49 27.58 19.89 15.06


ɛ t l ɛ́ ɛ l 
a l l ə ░ ░ 

%          #     a     l     l     ə
% #     0.00  6.60 17.26 27.92 33.46
% ɛ     6.06  2.30 12.96 23.62 29.17
% t    13.17  9.41  7.32 17.98 23.52
% l    23.83 20.07  9.41  7.32 12.86
% ɛ́   29.88 26.13 15.47 13.37  9.59
% ɛ    35.94 32.18 21.52 19.43 15.64
% l    46.60 42.84 32.18 21.52 26.30


a t c ░ ʔ a t 
a c c ə́ h a t 

%          #     a     c     c    ə́     h     a     t
% #     0.00  6.60 13.48 20.36 25.91 30.53 37.12 44.24
% a     6.60  0.00  6.88 13.76 19.31 23.93 30.53 37.64
% t    13.71  7.11  4.25 11.13 16.68 21.30 27.90 30.53
% c    20.59 13.99  7.11  4.25  9.80 14.42 21.02 28.13
% ʔ    22.81 16.21  9.33  6.47 10.26 11.15 17.75 24.86
% a    29.41 22.81 15.93 13.07  9.28 13.90 11.15 18.27
% t    36.52 29.92 23.04 20.18 16.39 15.53 18.27 11.15


á j v o ░ ░ 
á j ɣ ə v e 

%          #    á     j     ɣ     ə     v     e
% #     0.00  6.60 16.15 25.33 30.88 38.19 44.79
% á    6.60  0.00  9.56 18.74 24.29 31.60 38.20
% j    16.15  9.56  0.00  9.18 14.73 22.04 28.64
% v    23.46 16.87  7.31  3.66  9.21 14.73 21.33
% o    30.37 23.78 14.22 10.57  6.79 14.10 17.82


ɛ́ j u l q ə n 
a j ó t q ə n 

%          #     a     j    ó     t     q     ə     n
% #     0.00  6.60 16.15 23.06 30.18 35.24 40.79 52.12
% ɛ́    6.06  2.30 11.86 18.77 25.88 30.95 36.49 47.83
% j    15.61 11.86  2.30  9.21 16.33 21.39 26.94 38.27
% u    23.48 19.73 10.17  4.26 11.37 16.43 21.98 33.32
% l    34.14 30.39 20.83 14.92  9.28 14.34 19.88 21.98
% q    39.20 35.45 25.89 19.98 14.34  9.28 14.82 26.16
% ə    44.75 41.00 31.44 25.53 19.88 14.82  9.28 20.61
% n    56.09 52.33 42.78 36.86 31.22 26.16 20.61  9.28


ɛ j ú p 
a j u p 

%          #     a     j     u     p
% #     0.00  6.60 16.15 24.02 28.82
% ɛ     6.06  2.30 11.86 19.73 24.53
% j    15.61 11.86  2.30 10.17 14.97
% ú   23.48 19.73 10.17  3.30  8.10
% p    28.28 24.53 14.97  8.10  3.30


á j o ░ 
á w w i 

%          #    á     w     w     i
% #     0.00  6.60 17.55 28.51 36.06
% á    6.60  0.00 10.96 21.91 29.47
% j    16.15  9.56  8.17 19.13 25.67
% o    23.06 16.47 15.09 13.98 21.53


ɛ ɛ j ʔ u t k u 
e j é h u t k u 

%          #     e     j    é     h     u     t     k     u
% #     0.00  6.60 16.16 22.76 27.38 35.25 42.36 47.84 55.71
% ɛ     6.06  2.31 11.86 18.46 23.09 30.96 38.07 43.55 51.42
% ɛ    12.11  8.36  7.57 14.17 18.79 26.66 33.77 39.25 47.12
% j    21.67 16.83  8.36 12.29 16.91 23.88 30.99 36.47 44.34
% ʔ    23.89 19.05 10.58 14.51 13.64 21.51 28.62 34.10 41.97
% u    31.76 26.92 18.45 14.63 19.25 13.64 20.75 26.23 34.10
% t    38.87 34.03 25.56 21.74 20.87 20.75 13.64 19.12 26.99
% k    44.35 39.51 31.04 27.22 26.35 26.23 19.12 13.64 21.51
% u    52.22 47.38 38.91 35.09 34.22 26.35 26.99 21.51 13.64


ɛ j ɛ k ɛ 
e j e k e 

%          #     e     j     e     k     e
% #     0.00  6.60 16.16 22.76 28.23 34.83
% ɛ     6.06  2.31 11.86 18.46 23.94 30.54
% j    15.61 10.77  2.31  8.91 14.38 20.98
% ɛ    21.67 16.83  8.36  4.61 10.09 16.69
% k    27.15 22.31 13.84 10.09  4.61 11.21
% ɛ    33.20 28.36 19.89 16.14 10.67  6.92


ɛ́ j u 
e j u 

%          #     e     j     u
% #     0.00  6.60 16.16 24.03
% ɛ́    6.06  2.31 11.86 19.73
% j    15.61 10.77  2.31 10.18
% u    23.48 18.64 10.18  2.31


á c ə ŋ 
á c ə ŋ 

%          #    á     c     ə     ŋ
% #     0.00  6.60 13.48 19.02 28.72
% á    6.60  0.00  6.88 12.43 22.13
% c    13.48  6.88  0.00  5.55 15.25
% ə    19.02 12.43  5.55  0.00  9.70
% ŋ    28.72 22.13 15.25  9.70  0.00


ʔ ɛ́ j v ɛ ░ ɛ j 
░ e j v e t d u 

%          #     e     j     v     e     t     d     u
% #     0.00  6.60 16.16 23.47 30.07 37.18 45.59 53.46
% ʔ     2.22  7.06 16.62 20.20 26.80 33.91 42.32 50.19
% ɛ́    8.28  4.53 12.32 19.63 22.50 29.61 38.03 45.90
% j    17.83 12.99  4.53 11.84 18.44 25.55 33.96 41.83
% v    25.14 20.30 11.84  4.53 11.13 18.24 26.65 34.52
% ɛ    31.20 26.36 17.89 10.58  6.83 13.94 22.36 30.23
% ɛ    37.25 32.41 23.95 16.64 12.89 18.24 24.05 26.95
% j    46.81 41.97 32.41 26.19 21.35 23.80 27.85 29.14


ɛ́ j ɣ ɛ ░ ░ ɛ j 
a j ɣ ə́ t q ə n 

%          #     a     j     ɣ    ə́     t     q     ə     n
% #     0.00  6.60 16.15 25.33 30.88 37.99 43.06 48.60 59.94
% ɛ́    6.06  2.30 11.86 21.04 26.59 33.70 38.76 44.31 55.64
% j    15.61 11.86  2.30 11.48 17.03 24.14 29.21 34.75 46.09
% ɣ    24.79 21.04 11.48  2.30  7.85 14.96 20.02 25.57 36.91
% ɛ    30.85 27.09 17.54  8.36  4.57 11.68 16.74 22.29 33.63
% ɛ    36.90 33.15 23.59 14.41 10.62 15.98 21.04 19.01 30.35
% j    46.46 42.71 33.15 23.97 20.18 21.53 26.60 26.81 27.48


ɛ́ j p ə 
á j p ə 

%          #    á     j     p     ə
% #     0.00  6.60 16.15 20.95 26.50
% ɛ́    6.06  2.30 11.86 16.66 22.21
% j    15.61 11.86  2.30  7.10 12.65
% p    20.41 16.66  7.10  2.30  7.85
% ə    25.96 22.21 12.65  7.85  2.30


a ɣ t á t 
a j t á t 

%          #     a     j     t    á     t
% #     0.00  6.60 16.15 23.27 29.86 36.97
% a     6.60  0.00  9.56 16.67 23.27 30.38
% ɣ    15.78  9.18  9.80 16.91 23.50 30.62
% t    22.89 16.29 16.91  9.80 16.39 23.50
% á   29.49 22.89 22.10 16.39  9.80 16.91
% t    36.60 30.00 29.21 22.10 16.91  9.80


ɛ j k ɛ́ ░ 
á j k a t 

%          #    á     j     k     a     t
% #     0.00  6.60 16.15 21.63 28.23 35.34
% ɛ     6.06  2.30 11.86 17.34 23.93 31.05
% j    15.61 11.86  2.30  7.78 14.38 21.49
% k    21.09 17.34  7.78  2.30  8.90 16.01
% ɛ́   27.15 23.39 13.83  8.36  4.60 11.72


á j k o l a 
á j k o l a 

%          #    á     j     k     o     l     a
% #     0.00  6.60 16.15 21.63 28.54 39.20 45.80
% á    6.60  0.00  9.56 15.04 21.95 32.61 39.20
% j    16.15  9.56  0.00  5.48 12.39 23.05 29.65
% k    21.63 15.04  5.48  0.00  6.91 17.57 24.17
% o    28.54 21.95 12.39  6.91  0.00 10.66 17.26
% l    39.20 32.61 23.05 17.57 10.66  0.00  6.60
% a    45.80 39.20 29.65 24.17 17.26  6.60  0.00


a j m á l q ə l 
a j m a l q ə l 

%          #     a     j     m     a     l     q     ə     l
% #     0.00  6.60 16.15 23.98 30.58 41.24 46.30 51.85 62.51
% a     6.60  0.00  9.56 17.39 23.98 34.64 39.70 45.25 55.91
% j    16.15  9.56  0.00  7.83 14.42 25.08 30.15 35.69 46.35
% m    23.98 17.39  7.83  0.00  6.60 17.26 22.32 27.86 38.52
% á   30.58 23.98 14.42  6.60  1.76 12.42 17.48 23.03 33.69
% l    41.24 34.64 25.08 17.26 12.42  1.76  6.82 12.37 23.03
% q    46.30 39.70 30.15 22.32 17.48  6.82  1.76  7.31 17.97
% ə    51.85 45.25 35.69 27.86 23.03 12.37  7.31  1.76 12.42
% l    62.51 55.91 46.35 38.52 33.69 23.03 17.97 12.42  1.76


á j m a k 
á j m a k 

%          #    á     j     m     a     k
% #     0.00  6.60 16.15 23.98 30.58 36.05
% á    6.60  0.00  9.56 17.39 23.98 29.46
% j    16.15  9.56  0.00  7.83 14.42 19.90
% m    23.98 17.39  7.83  0.00  6.60 12.07
% a    30.58 23.98 14.42  6.60  0.00  5.48
% k    36.05 29.46 19.90 12.07  5.48  0.00


ɛ́ j m ə q 
a j m ə q 

%          #     a     j     m     ə     q
% #     0.00  6.60 16.15 23.98 29.53 34.59
% ɛ́    6.06  2.30 11.86 19.69 25.23 30.30
% j    15.61 11.86  2.30 10.13 15.68 20.74
% m    23.44 19.69 10.13  2.30  7.85 12.91
% ə    28.99 25.23 15.68  7.85  2.30  7.36
% q    34.05 30.30 20.74 12.91  7.36  2.30


á j m ə ░ ░ ░ ░ 
á j m ə l h a t 

%          #    á     j     m     ə     l     h     a     t
% #     0.00  6.60 16.15 23.98 29.53 40.19 44.81 51.41 58.52
% á    6.60  0.00  9.56 17.39 22.93 33.59 38.22 44.81 51.93
% j    16.15  9.56  0.00  7.83 13.38 24.04 28.66 35.26 42.37
% m    23.98 17.39  7.83  0.00  5.55 16.21 20.83 27.43 34.54
% ə    29.53 22.93 13.38  5.55  0.00 10.66 15.28 21.88 28.99


ʔ ɛ j ŋ ɛ́ 
h e j ŋ e 

%          #     h     e     j     ŋ     e
% #     0.00  4.62 11.22 20.78 30.48 37.08
% ʔ     2.22  1.35  7.95 17.51 27.21 33.81
% ɛ     8.28  7.41  3.66 13.22 22.92 29.52
% j    17.83 16.97 12.13  3.66 13.36 19.96
% ŋ    27.53 26.67 21.83 13.36  3.66 10.26
% ɛ́   33.59 32.72 27.88 19.41  9.71  5.96


ɛ́ k ə k 
á k ə k 

%          #    á     k     ə     k
% #     0.00  6.60 12.07 17.62 23.10
% ɛ́    6.06  2.30  7.78 13.33 18.81
% k    11.53  7.78  2.30  7.85 13.33
% ə    17.08 13.33  7.85  2.30  7.78
% k    22.56 18.81 13.33  7.78  2.30


ʔ ə́ q ə l p ɛ a d v 
░ a k ə ĺ p ə ░ ░ ░ 

%          #     a     k     ə    ĺ     p     ə
% #     0.00  6.60 12.07 17.62 28.28 33.08 38.63
% ʔ     2.22  7.06 10.94 16.49 27.15 31.95 37.50
% ə́    7.77  5.03 10.51 12.70 23.36 28.17 33.71
% q    12.83 10.09  7.62 13.16 23.83 28.63 34.17
% ə    18.38 15.64 13.16  7.62 18.28 23.08 28.63
% l    29.04 26.30 23.83 18.28  7.75 12.55 18.10
% p    33.84 31.10 28.63 23.08 12.55  7.75 13.30
% ɛ    39.89 36.14 34.68 29.13 18.61 13.81 10.02
% a    46.49 39.89 41.28 35.73 25.20 20.40 16.62
% d    54.90 48.31 49.69 44.14 33.62 28.82 25.03
% v    62.21 55.62 55.60 51.45 40.93 36.13 32.34


ɛ j m ə s q ɛ́ t 
e k m e v ░ ░ ░ 

%          #     e     k     m     e     v
% #     0.00  6.60 12.08 19.91 26.51 33.82
% ɛ     6.06  2.31  7.78 15.61 22.21 29.52
% j    15.61 10.77 13.66 16.74 20.33 27.64
% m    23.44 18.60 21.11 13.66 20.26 25.56
% ə    28.99 24.15 26.65 19.21 16.48 23.79
% s    38.50 33.67 33.65 28.73 25.99 21.67
% q    43.57 38.73 36.25 33.79 31.05 26.73
% ɛ́   49.62 44.78 42.31 39.84 36.10 32.79
% t    56.73 51.89 49.42 46.96 43.21 39.90


ɛ j m í t 
e k m i t 

%          #     e     k     m     i     t
% #     0.00  6.60 12.08 19.91 27.46 34.58
% ɛ     6.06  2.31  7.78 15.61 23.17 30.28
% j    15.61 10.77 13.66 16.74 19.37 26.49
% m    23.44 18.60 21.11 13.66 21.22 28.33
% í   31.00 26.16 27.96 21.22 15.43 22.54
% t    38.11 33.27 35.07 28.33 22.54 15.43


a r á ░ ░ ░ l a ░ ░ 
e j é q v ə j ə k e 

%          #     e     j    é     q     v     ə     j     ə     k     e
% #     0.00  6.60 16.16 22.76 27.82 35.13 40.67 50.23 55.78 61.26 67.86
% a     6.60  2.85 12.40 19.00 24.06 31.37 36.92 46.48 52.03 57.50 64.10
% r    19.26 14.76  9.97 16.57 21.63 28.94 34.49 44.04 49.59 55.07 61.67
% á   25.85 21.36 16.56 12.81 17.88 25.19 30.73 40.29 45.84 51.32 57.92
% l    36.51 32.02 27.22 23.47 25.56 29.47 32.96 38.52 44.07 49.55 56.15
% a    43.11 38.61 33.82 30.07 32.16 32.44 32.27 38.77 41.33 46.81 52.39


░ ɛ́ q ɛ 
h e q e 

%          #     h     e     q     e
% #     0.00  4.62 11.22 16.28 22.88
% ɛ́    6.06  6.25  6.93 11.99 18.59
% q    11.12 10.25 11.99  6.93 13.53
% ɛ    17.17 16.30 12.55 12.98  9.23


e m ə t l ó 
e m ░ ░ ░ ░ 

%          #     e     m
% #     0.00  6.60 14.43
% e     6.60  0.00  7.83
% m    14.43  7.83  0.00
% ə    19.98 13.38  5.55
% t    27.09 20.49 12.66
% l    37.75 31.15 23.32
% ó   44.66 38.06 30.23


a m r ó w t ə a ░ ░ d r 
a m j o ɣ ░ ə j ŋ ə n ░ 

%          #     a     m     j     o     ɣ     ə     j     ŋ     ə     n
% #     0.00  6.60 14.42 23.98 30.89 40.07 45.62 55.18 64.88 70.43 81.76
% a     6.60  0.00  7.83 17.39 24.30 33.48 39.03 48.58 58.28 63.83 75.17
% m    14.42  7.83  0.00  9.56 16.47 25.65 31.20 40.76 50.46 56.00 67.34
% r    27.08 20.49 12.66  7.12 14.03 23.22 28.76 38.32 48.02 53.57 58.81
% ó   34.00 27.40 19.57 14.03  8.12 17.31 22.85 32.41 42.11 47.66 58.99
% w    44.95 38.36 30.53 24.99 19.08 14.72 20.27 29.82 38.12 43.67 55.00
% t    52.07 45.47 37.64 32.10 26.19 21.83 25.62 31.17 40.87 46.42 49.36
% ə    57.61 51.02 43.19 37.65 31.74 27.38 21.83 31.39 37.99 40.87 52.21
% a    64.21 57.61 49.79 44.25 38.34 33.97 28.43 27.63 37.33 40.80 50.38
% d    72.62 66.03 58.20 52.66 46.75 42.39 36.84 36.05 40.17 45.72 45.19
% r    85.28 78.69 70.86 65.32 59.41 55.05 49.50 43.96 47.01 47.29 48.53


ʔ ɛ m j í r 
h e m j i j 

%          #     h     e     m     j     i     j
% #     0.00  4.62 11.22 19.05 28.61 36.17 45.72
% ʔ     2.22  1.35  7.95 15.78 25.34 32.89 42.45
% ɛ     8.28  7.41  3.66 11.49 21.04 28.60 38.16
% m    16.10 15.24 11.49  3.66 13.22 20.77 30.33
% j    25.66 24.79 19.95 13.22  3.66 11.22 20.77
% í   33.22 32.35 27.51 20.77 11.22  5.42 14.98
% r    45.88 40.58 40.17 33.43 23.88 18.08 12.54


ɛ m t ə n ɛ́ w 
e m t ə ŋ e v 

%          #     e     m     t     ə     ŋ     e     v
% #     0.00  6.60 14.43 21.54 27.09 36.79 43.39 50.70
% ɛ     6.06  2.31 10.13 17.25 22.79 32.49 39.09 46.40
% m    13.88 10.13  2.31  9.42 14.97 24.67 31.27 38.58
% t    21.00 17.25  9.42  2.31  7.85 17.55 24.15 31.46
% ə    26.54 22.79 14.97  7.85  2.31 12.01 18.61 25.91
% n    37.88 34.13 26.30 19.19 13.64  8.74 15.34 22.65
% ɛ́   43.93 40.18 32.36 25.24 19.70 14.80 11.05 18.36
% w    54.89 51.07 43.31 36.20 30.65 25.41 21.93 19.51


ɛ m k u m ʔ ə 
a m k u m h ə 

%          #     a     m     k     u     m     h     ə
% #     0.00  6.60 14.42 19.90 27.77 35.60 40.22 45.77
% ɛ     6.06  2.30 10.13 15.61 23.48 31.31 35.93 41.48
% m    13.88 10.13  2.30  7.78 15.65 23.48 28.10 33.65
% k    19.36 15.61  7.78  2.30 10.17 18.00 22.62 28.17
% u    27.23 23.48 15.65 10.17  2.30 10.13 14.75 20.30
% m    35.06 31.31 23.48 18.00 10.13  2.30  6.92 12.47
% ʔ    37.28 33.53 25.70 20.22 12.35  4.52  3.65  9.20
% ə    42.83 39.07 31.25 25.77 17.90 10.07  9.20  3.65


ɛ m n ú ŋ k ə 
é m n u ŋ ░ ░ 

%          #    é     m     n     u     ŋ
% #     0.00  6.60 14.43 25.76 33.63 43.33
% ɛ     6.06  2.31 10.13 21.47 29.34 39.04
% m    13.88 10.13  2.31 13.64 21.51 31.21
% n    25.22 21.47 13.64  2.31 10.18 19.88
% ú   33.09 29.26 21.51 10.18  3.31 13.01
% ŋ    42.79 38.96 31.21 19.88 13.01  3.31
% k    48.27 44.44 36.69 25.35 18.48  8.78
% ə    53.81 49.99 42.24 30.90 24.03 14.33


ɛ m 
e m 

%          #     e     m
% #     0.00  6.60 14.43
% ɛ     6.06  2.31 10.13
% m    13.88 10.13  2.31


á m ŋ o t 
é m ŋ u t 

%          #    é     m     ŋ     u     t
% #     0.00  6.60 14.43 24.13 32.00 39.11
% á    6.60  2.85 10.67 20.37 28.24 35.36
% m    14.42 10.67  2.85 12.55 20.42 27.53
% ŋ    24.12 20.37 12.55  2.85 10.72 17.83
% o    31.04 27.21 19.46  9.76  4.80 11.92
% t    38.15 34.33 26.57 16.87 11.92  4.80


á n o ░ n 
a n ó a n 

%          #     a     n    ó     a     n
% #     0.00  6.60 17.93 24.84 31.44 42.77
% á    6.60  1.76 13.10 20.01 26.60 37.94
% n    17.93 13.10  1.76  8.67 15.27 26.60
% o    24.84 20.01  8.67  2.76  9.36 20.69
% n    36.18 31.34 20.01 14.10 12.26  9.36


a n ░ ŋ ░ á t 
a n ə́ ŋ k o ░ 

%          #     a     n    ə́     ŋ     k     o
% #     0.00  6.60 17.93 23.48 33.18 38.66 45.57
% a     6.60  0.00 11.34 16.88 26.58 32.06 38.97
% n    17.93 11.34  0.00  5.55 15.25 20.73 27.64
% ŋ    27.63 21.04  9.70  6.82  5.55 11.03 17.94
% á   34.23 27.63 16.30 12.51 12.14 15.86 15.20
% t    41.34 34.74 23.41 19.62 19.26 21.38 22.31


ə́ n p ə c ʔ ə n 
e ń p i c ░ i ░ 

%          #     e    ń     p     i     c     i
% #     0.00  6.60 17.93 22.74 30.29 37.17 44.73
% ə́    5.55  2.81 14.15 18.95 26.51 33.39 40.94
% n    16.88 14.15  2.81  7.61 15.17 22.05 29.61
% p    21.68 18.95  7.61  2.81 10.37 17.25 24.81
% ə    27.23 24.50 13.16  8.36  6.58 13.46 21.02
% c    34.11 31.38 20.04 15.24 13.46  6.58 14.14
% ʔ    36.33 33.60 22.26 17.46 15.68  8.80 14.60
% ə    41.88 39.15 27.81 23.01 21.23 14.35 12.57
% n    53.22 50.48 39.15 34.35 32.57 25.69 23.91


ʔ ɛ n q ɛ 
h é n q e 

%          #     h    é     n     q     e
% #     0.00  4.62 11.22 22.56 27.62 34.22
% ʔ     2.22  1.35  7.95 19.29 24.35 30.95
% ɛ     8.28  7.41  3.66 14.99 20.05 26.65
% n    19.61 18.74 14.99  3.66  8.72 15.32
% q    24.67 23.80 20.05  8.72  3.66 10.26
% ɛ    30.73 29.86 26.11 14.77  9.71  5.96


ɛ n q í w 
e n q i v 

%          #     e     n     q     i     v
% #     0.00  6.60 17.93 23.00 30.55 37.86
% ɛ     6.06  2.31 13.64 18.70 26.26 33.57
% n    17.39 13.64  2.31  7.37 14.92 22.23
% q    22.45 18.70  7.37  2.31  9.86 17.17
% í   30.01 25.17 14.92  9.86  4.07 11.38
% w    40.96 36.13 25.88 20.82 15.02 12.53


á n ŋ e n a 
a ń ŋ e n a 

%          #     a    ń     ŋ     e     n     a
% #     0.00  6.60 17.93 27.63 34.23 45.57 52.16
% á    6.60  1.76 13.10 22.80 29.40 40.73 47.33
% n    17.93 13.10  1.76 11.46 18.06 29.40 35.99
% ŋ    27.63 22.80 11.46  1.76  8.36 19.70 26.29
% e    34.23 29.40 18.06  8.36  1.76 13.10 19.69
% n    45.57 40.73 29.40 19.70 13.10  1.76  8.36
% a    52.16 45.57 35.99 26.29 19.69  8.36  1.76


ɛ́ ŋ ɛ ŋ 
á ŋ a ŋ 

%          #    á     ŋ     a     ŋ
% #     0.00  6.60 16.30 22.89 32.59
% ɛ́    6.06  2.30 12.00 18.60 28.30
% ŋ    15.76 12.00  2.30  8.90 18.60
% ɛ    21.81 18.06  8.36  4.60 14.30
% ŋ    31.51 27.76 18.06 14.30  4.60


ɛ ŋ í ░ ░ ░ ░ 
e ŋ i ń m ə n 

%          #     e     ŋ     i    ń     m     ə     n
% #     0.00  6.60 16.30 23.86 35.19 43.02 48.57 59.90
% ɛ     6.06  2.31 12.01 19.56 30.90 38.73 44.27 55.61
% ŋ    15.76 12.01  2.31  9.86 21.20 29.03 34.57 45.91
% í   23.31 18.47  9.86  4.07 15.40 23.23 28.78 40.11


ɛ ŋ ʔ ɛ ɬ ɛ t ░ ░ ░ ░ ░ ░ ░ ░ 
e ŋ h e ɬ u l ə ŋ ɣ ə j ŋ ə n 

%          #     e     ŋ     h     e     ɬ     u     l     ə     ŋ     ɣ     ə     j     ŋ     ə     n
% #     0.00  6.60 16.30 20.92 27.52 36.36 44.23 54.89 60.44 70.14 79.32 84.87 94.43 104.13 109.67 121.01
% ɛ     6.06  2.31 12.01 16.63 23.23 32.07 39.94 50.60 56.15 65.85 75.03 80.58 90.13 99.83 105.38 116.72
% ŋ    15.76 12.01  2.31  6.93 13.53 22.37 30.24 40.90 46.45 56.15 65.33 70.88 80.43 90.13 95.68 107.02
% ʔ    17.98 14.23  4.53  3.66 10.26 19.10 26.97 37.63 43.18 52.88 62.06 67.61 77.16 86.86 92.41 103.75
% ɛ    24.03 20.28 10.58  9.71  5.96 14.80 22.67 33.33 38.88 48.58 57.76 63.31 72.87 82.57 88.12 99.45
% ɬ    32.87 29.12 19.42 12.41 14.80  5.96 13.83 24.49 30.04 39.74 48.92 54.47 64.03 73.73 79.28 90.61
% ɛ    38.93 35.18 25.48 18.47 14.72 12.02 10.55 21.21 26.76 36.46 45.64 51.19 59.73 69.43 74.98 86.32
% t    46.04 42.29 32.59 25.58 21.83 15.40 17.67 15.57 21.12 30.82 40.00 45.55 55.10 64.80 70.35 80.67


a n j á 
á ŋ j a 

%          #    á     ŋ     j     a
% #     0.00  6.60 16.30 25.85 32.45
% a     6.60  1.76 11.46 21.02 25.85
% n    17.93 13.10  8.20 17.76 24.35
% j    27.49 22.65 17.76  8.20 14.79
% á   34.08 27.49 24.35 14.79  9.96


á ŋ q a n 
á ŋ q a n 

%          #    á     ŋ     q     a     n
% #     0.00  6.60 16.30 21.36 27.95 39.29
% á    6.60  0.00  9.70 14.76 21.36 32.69
% ŋ    16.30  9.70  0.00  5.06 11.66 22.99
% q    21.36 14.76  5.06  0.00  6.60 17.93
% a    27.95 21.36 11.66  6.60  0.00 11.34
% n    39.29 32.69 22.99 17.93 11.34  0.00


a p a q á t l ə ŋ 
a p a q a l l ə ŋ 

%          #     a     p     a     q     a     l     l     ə     ŋ
% #     0.00  6.60 11.40 17.99 23.05 29.65 40.31 50.97 56.52 66.22
% a     6.60  0.00  4.80 11.40 16.46 23.05 33.71 44.37 49.92 59.62
% p    11.40  4.80  0.00  6.60 11.66 18.25 28.91 39.57 45.12 54.82
% a    17.99 11.40  6.60  0.00  5.06 11.66 22.32 32.98 38.52 48.22
% q    23.05 16.46 11.66  5.06  0.00  6.60 17.26 27.92 33.46 43.16
% á   29.65 23.05 18.25 11.66  6.60  1.76 12.42 23.08 28.63 38.33
% t    36.76 30.17 25.37 18.77 13.71  8.87  6.78 17.44 22.98 32.68
% l    47.42 40.83 36.03 29.43 24.37 19.53  8.87  6.78 12.32 22.02
% ə    52.97 46.38 41.57 34.98 29.92 25.08 14.42 12.32  6.78 16.48
% ŋ    62.67 56.08 51.27 44.68 39.62 34.78 24.12 22.02 16.48  6.78


ɛ́ p ░ ə 
á p p a 

%          #    á     p     p     a
% #     0.00  6.60 11.40 16.20 22.79
% ɛ́    6.06  2.30  7.10 11.91 18.50
% p    10.86  7.10  2.30  7.10 13.70
% ə    16.40 12.65  7.85 10.89  9.91


ɛ p í q ░ u u t 
a p a ŋ q ə ░ c 

%          #     a     p     a     ŋ     q     ə     c
% #     0.00  6.60 11.40 17.99 27.69 32.75 38.30 45.18
% ɛ     6.06  2.30  7.10 13.70 23.40 28.46 34.01 40.89
% p    10.86  7.10  2.30  8.90 18.60 23.66 29.21 36.09
% í   18.41 14.66  9.86  6.10 15.80 20.87 26.41 33.29
% q    23.48 19.72 14.92 11.17 13.29 15.80 21.35 28.23
% u    31.34 27.59 22.79 19.04 17.19 22.25 19.89 26.77
% u    39.21 35.46 30.66 26.91 25.06 27.16 26.34 30.96
% t    46.33 42.57 37.77 34.02 32.17 33.88 33.45 30.59


ʔ ɛ́ p t ə t k u 
h á p t ə ░ ░ ░ 

%          #     h    á     p     t     ə
% #     0.00  4.62 11.22 16.02 23.13 28.68
% ʔ     2.22  1.35  7.95 12.75 19.86 25.41
% ɛ́    8.28  7.41  3.65  8.46 15.57 21.12
% p    13.08 12.21  8.46  3.65 10.77 16.32
% t    20.19 19.32 15.57 10.77  3.65  9.20
% ə    25.74 24.87 21.12 16.32  9.20  3.65
% t    32.85 31.98 28.23 23.43 16.32 10.77
% k    38.33 37.46 33.71 28.91 21.79 16.25
% u    46.20 45.33 41.58 36.78 29.66 24.12


a r é 
a j e 

%          #     a     j     e
% #     0.00  6.60 16.15 22.75
% a     6.60  0.00  9.56 16.16
% r    19.26 12.66  7.12 13.72
% é   25.86 19.26 13.72  8.88


ɛ r ɛ́ t 
a j á t 

%          #     a     j    á     t
% #     0.00  6.60 16.15 22.75 29.86
% ɛ     6.06  2.30 11.86 18.45 25.57
% r    18.72 14.22  9.42 16.02 23.13
% ɛ́   24.77 20.27 15.48 11.73 18.84
% t    31.88 27.38 22.59 18.84 11.73


l q i w 
l q i v 

%          #     l     q     i     v
% #     0.00 10.66 15.72 23.28 30.59
% l    10.66  0.00  5.06 12.62 19.93
% q    15.72  5.06  0.00  7.56 14.87
% i    23.28 12.62  7.56  0.00  7.31
% w    34.23 23.57 18.51 10.96  8.47


ʔ a r é 
h a j e 

%          #     h     a     j     e
% #     0.00  4.62 11.22 20.78 27.38
% ʔ     2.22  1.35  7.95 17.51 24.11
% a     8.82  7.95  1.35 10.91 17.51
% r    21.48 16.18 14.01  8.48 15.08
% é   28.08 22.78 19.03 15.08 10.24


░ á r k ə c ə ŋ a d v 
h a j ░ ə c ░ ŋ ə n ░ 

%          #     h     a     j     ə     c     ŋ     ə     n
% #     0.00  4.62 11.22 20.78 26.32 33.20 42.90 48.45 59.79
% á    6.60  6.79  6.38 15.94 21.49 28.37 38.07 43.62 54.95
% r    19.26 13.96 14.95 13.51 19.05 25.94 35.64 41.18 46.43
% k    24.73 19.44 20.43 18.99 22.77 26.15 31.63 37.17 48.51
% ə    30.28 24.99 22.25 24.53 18.99 25.87 32.97 31.63 42.96
% c    37.16 31.87 29.13 30.00 25.87 18.99 28.69 34.23 40.48
% ə    42.71 37.42 34.68 34.90 30.00 24.53 25.80 28.69 40.02
% ŋ    52.41 47.12 44.38 43.59 39.70 34.23 24.53 30.08 35.12
% a    59.01 53.71 47.12 50.18 46.29 40.83 31.13 27.34 38.68
% d    67.42 62.13 55.53 56.72 54.71 49.24 39.54 35.76 31.73
% v    74.73 67.72 62.84 64.03 62.02 56.55 46.85 43.07 39.04


ɛ́ r m ɛ 
á j ə m 

%          #    á     j     ə     m
% #     0.00  6.60 16.15 21.70 29.53
% ɛ́    6.06  2.30 11.86 17.41 25.23
% r    18.72 14.22  9.42 14.97 22.80
% m    26.54 22.04 17.25 14.37 14.97
% ɛ    32.60 28.10 23.31 19.52 19.82


é r ɣ ə r ɣ ə n 
e j ░ ░ ░ ░ ░ ░ 

%          #     e     j
% #     0.00  6.60 16.16
% é    6.60  1.76 11.32
% r    19.26 14.42  8.88
% ɣ    28.44 23.60 18.06
% ə    33.99 29.15 23.61
% r    46.65 41.81 36.27
% ɣ    55.83 50.99 45.45
% ə    61.38 56.54 51.00
% n    72.71 67.88 62.34


ɛ ░ r 
j e j 

%          #     j     e     j
% #     0.00  9.56 16.16 25.71
% ɛ     6.06  5.26 11.86 21.42
% r    18.72 13.18 13.43 18.98


a r ə́ t l ə ŋ ə n 
░ h e ░ j ░ ░ ░ ░ 

%          #     h     e     j
% #     0.00  4.62 11.22 20.78
% a     6.60  6.79  7.47 17.03
% r    19.26 13.96 14.96 14.59
% ə́   24.80 19.51 16.77 20.14
% t    31.92 26.62 23.89 27.25
% l    42.58 37.28 34.55 31.68
% ə    48.13 42.83 40.10 37.22
% ŋ    57.83 52.53 49.80 46.92
% ə    63.37 58.08 55.34 52.47
% n    74.71 69.41 66.68 63.81


ɛ t j í ░ ░ w ░ ░ 
e ░ j i v ə j v ə 

%          #     e     j     i     v     ə     j     v     ə
% #     0.00  6.60 16.16 23.71 31.02 36.57 46.13 53.44 58.99
% ɛ     6.06  2.31 11.86 19.42 26.73 32.28 41.83 49.14 54.69
% t    13.17  9.42 13.21 20.77 28.08 33.63 43.19 50.50 56.04
% j    22.73 17.89  9.42 16.98 24.29 29.83 33.63 40.94 46.49
% í   30.28 25.44 16.98 11.18 18.49 24.04 33.59 40.90 44.71
% w    41.24 36.40 27.93 22.13 19.65 25.19 32.21 39.52 45.07


ɛ r ʔ ɛ ŋ 
a c h a ░ 

%          #     a     c     h     a
% #     0.00  6.60 13.48 18.10 24.70
% ɛ     6.06  2.30  9.18 13.81 20.40
% r    18.72 14.22 10.34 14.96 21.56
% ʔ    20.94 16.44 12.56 11.69 18.29
% ɛ    26.99 22.49 18.62 17.75 13.99
% ŋ    36.69 32.19 28.32 27.45 23.69


á r k a r ░ 
a j k a j a 

%          #     a     j     k     a     j     a
% #     0.00  6.60 16.15 21.63 28.23 37.78 44.38
% á    6.60  1.76 11.32 16.80 23.39 32.95 39.54
% r    19.26 14.42  8.88 14.36 20.96 30.51 37.11
% k    24.73 19.90 14.36  8.88 15.48 25.04 31.63
% a    31.33 24.73 20.96 15.48  8.88 18.44 25.04
% r    43.99 37.40 31.86 28.14 21.54 16.01 22.60


á t ░ ə n v 
a t q á t ░ 

%          #     a     t     q    á     t
% #     0.00  6.60 13.71 18.77 25.37 32.48
% á    6.60  1.76  8.87 13.94 18.77 25.88
% t    13.71  8.87  1.76  6.82 13.42 18.77
% ə    19.26 14.42  7.31 10.61  9.63 16.74
% n    30.59 25.76 18.64 20.73 20.11 15.32
% v    37.90 33.07 25.95 25.52 27.42 22.63


é t ə ŋ 
e t u n 

%          #     e     t     u     n
% #     0.00  6.60 13.71 21.58 32.92
% é    6.60  1.76  8.87 16.74 28.08
% t    13.71  8.87  1.76  9.63 20.97
% ə    19.26 14.42  7.31  5.84 17.18
% ŋ    28.96 24.12 17.01 13.33 12.28


r a t v ú 
j a t v ə 

%          #     j     a     t     v     ə
% #     0.00  9.56 16.15 23.27 30.58 36.12
% r    12.66  7.12 13.72 20.83 28.14 33.69
% a    19.26 13.72  7.12 14.24 21.55 27.09
% t    26.37 20.83 14.24  7.12 14.43 19.98
% v    33.68 28.14 21.55 14.43  7.12 12.67
% ú   41.55 36.01 29.42 22.30 14.99 11.21


m ɛ c i c u 
e ░ t ░ h u 

%          #     e     t     h     u
% #     0.00  6.60 13.71 18.34 26.21
% m     7.83  6.00 13.11 17.74 25.60
% ɛ    13.88 10.13 17.25 19.36 22.33
% c    20.76 17.01 14.39 19.01 26.88
% i    28.32 23.48 21.94 22.14 22.10
% c    35.20 30.36 27.73 27.96 28.98
% u    43.07 38.23 35.60 35.80 27.96


ʔ ɛ t k i ░ 
h a t k e ŋ 

%          #     h     a     t     k     e     ŋ
% #     0.00  4.62 11.22 18.33 23.81 30.41 40.11
% ʔ     2.22  1.35  7.95 15.06 20.54 27.14 36.84
% ɛ     8.28  7.41  3.65 10.77 16.25 22.85 32.55
% t    15.39 14.52 10.77  3.65  9.13 15.73 25.43
% k    20.87 20.00 16.25  9.13  3.65 10.25 19.95
% i    28.42 27.56 23.80 16.69 11.21  6.37 16.07


ə n t ú u ░ l p ə r ɛ 
ə n t ə w ə l p i ░ ░ 

%          #     ə     n     t     ə     w     ə     l     p     i
% #     0.00  5.55 16.88 24.00 29.54 40.50 46.05 56.71 61.51 69.07
% ə     5.55  0.00 11.34 18.45 24.00 34.95 40.50 51.16 55.96 63.52
% n    16.88 11.34  0.00  7.11 12.66 23.62 29.16 39.82 44.63 52.18
% t    24.00 18.45  7.11  0.00  5.55 16.50 22.05 32.71 37.51 45.07
% ú   31.87 26.32 14.98  7.87  4.08 10.39 15.94 26.60 31.40 38.96
% u    39.74 34.19 22.85 15.74 11.95  8.93 14.48 25.14 29.94 34.49
% l    50.40 44.85 33.51 26.40 22.61 19.59 16.71 14.48 19.28 26.84
% p    55.20 49.65 38.31 31.20 27.41 24.39 21.51 19.28 14.48 22.03
% ə    60.75 55.20 43.86 36.75 31.20 29.94 24.39 24.83 20.02 18.25
% r    73.41 67.86 56.52 48.74 43.86 42.60 37.05 26.52 31.33 29.15
% ɛ    79.46 73.91 62.58 54.79 49.92 48.65 43.11 32.58 35.62 34.59


ʔ a t t á w 
h á t ░ a w 

%          #     h    á     t     a     w
% #     0.00  4.62 11.22 18.33 24.93 35.88
% ʔ     2.22  1.35  7.95 15.06 21.66 32.61
% a     8.82  7.95  3.11 10.23 15.06 26.02
% t    15.93 15.06 10.23  3.11  9.71 20.66
% t    23.04 22.18 17.34 10.23 15.06 26.02
% á   29.64 28.77 22.18 16.82 11.99 22.94
% w    40.59 39.73 33.13 27.78 22.94 11.99


ɛ́ w 
a v 

%          #     a     v
% #     0.00  6.60 13.91
% ɛ́    6.06  2.30  9.61
% w    17.01 13.26 10.77


á a ŋ k ə ░ ░ 
a ░ w ░ á a w 

%          #     a     w    á     a     w
% #     0.00  6.60 17.55 24.15 30.74 41.70
% á    6.60  1.76 12.72 17.55 24.15 35.10
% a    13.19  6.60  9.98 14.48 17.55 28.51
% ŋ    22.89 16.30 12.31 17.84 22.34 23.26
% k    28.37 21.77 17.78 22.62 27.82 28.74
% ə    33.92 27.32 23.33 20.59 25.43 34.29


ɛ ɣ ɛ́ l m i q 
a w a l m i q 

%          #     a     w     a     l     m     i     q
% #     0.00  6.60 17.55 24.15 34.81 42.63 50.19 55.25
% ɛ     6.06  2.30 13.26 19.85 30.51 38.34 45.90 50.96
% ɣ    15.24 11.48  8.90 15.49 26.15 33.98 41.54 46.60
% ɛ́   21.29 17.54 14.95 11.20 21.86 29.69 37.24 42.30
% l    31.95 28.20 25.61 21.86 11.20 19.03 26.58 31.64
% m    39.78 36.03 33.44 29.69 19.03 11.20 18.75 23.82
% i    47.34 43.58 41.00 37.24 26.58 18.75 11.20 16.26
% q    52.40 48.64 46.06 42.30 31.64 23.82 16.26 11.20


ɛ w ə ░ l q ə 
j a v ə l q ə 

%          #     j     a     v     ə     l     q     ə
% #     0.00  9.56 16.15 23.46 29.01 39.67 44.73 50.28
% ɛ     6.06  5.26 11.86 19.17 24.72 35.38 40.44 45.98
% w    17.01 14.23 13.48 20.32 25.87 36.53 41.59 47.14
% ə    22.56 19.78 17.04 19.31 20.32 30.98 36.05 41.59
% l    33.22 30.35 27.70 28.63 27.09 20.32 25.39 30.93
% q    38.28 35.41 32.76 33.69 32.15 25.39 20.32 25.87
% ə    43.83 40.95 38.22 38.59 33.69 30.93 25.87 20.32


ɛ w ə n 
a w ə n 

%          #     a     w     ə     n
% #     0.00  6.60 17.55 23.10 34.43
% ɛ     6.06  2.30 13.26 18.80 30.14
% w    17.01 13.26  2.30  7.85 19.18
% ə    22.56 18.80  7.85  2.30 13.64
% n    33.89 30.14 19.18 13.64  2.30


ɛ w ɛ c 
e w e c 

%          #     e     w     e     c
% #     0.00  6.60 17.55 24.15 31.04
% ɛ     6.06  2.31 13.26 19.86 26.74
% w    17.01 13.19  2.31  8.91 15.79
% ɛ    23.07 19.24  8.36  4.61 11.49
% c    29.95 26.12 15.24 11.49  4.61


m ə c ú n ɛ ŋ ░ 
j ə ɣ ə m e l u 

%          #     j     ə     ɣ     ə     m     e     l     u
% #     0.00  9.56 15.10 24.29 29.83 37.66 44.26 54.92 62.79
% m     7.83  8.96 14.50 23.68 29.23 29.83 36.43 47.09 54.96
% ə    13.38 13.60  8.96 18.14 23.68 31.51 32.65 43.31 51.18
% c    20.26 20.48 15.84 17.61 23.16 30.99 37.59 40.82 48.69
% ú   28.13 25.35 23.71 22.75 21.70 29.52 35.03 45.69 41.82
% n    39.46 36.59 33.80 34.08 31.20 26.26 32.86 35.03 42.90
% ɛ    45.52 42.64 38.86 40.14 36.35 32.32 28.57 39.23 39.62
